image: 001map.pgm
resolution: 0.050000
origin: [-3.599426, -4.009100, 0.0]
negate: 0
occupied_thresh: 0.65
free_thresh: 0.196
